time,x,y,z,phi,theta,psi,x_velocity,y_velocity,z_velocity,phi_velocity,theta_velocity,psi_velocity,rotor_speed1,rotor_speed2,rotor_speed3,rotor_speed4
0.06,9.39932470654e-08,1.19053875516e-08,10.0064012735,6.2827935873,6.28303896257,0.0,1.1219284216e-05,-1.68558723885e-05,0.213359459538,-0.0246498154701,-0.00782829746425,0.0,472.39570848301076,471.7918369931838,471.85543448657586,469.9490671315854
0.12000000000000001,5.77150018961e-06,-1.52232973132e-05,10.0228456312,6.28124803852,6.28252163316,0.0,0.000229880360409,-0.000649923415226,0.334757180126,-0.0280752750416,-0.0102591417621,0.0,443.380963515881,443.1813614892119,444.26108514083666,443.980048515
0.18,3.53764234331e-05,-9.97863056961e-05,10.045492943,6.27933055434,6.2816627171,0.0,0.000828964361678,-0.0023471753344,0.420124592692,-0.0411455231535,-0.0240007286231,0.0,432.4626209894149,431.3038721533773,433.39830963717134,432.29810903701286
0.23999999999999996,0.000131421893243,-0.000352132697489,10.0788789261,6.2766240356,6.27990913289,0.0,0.00257234537057,-0.00639197469015,0.69261434659,-0.0545235851982,-0.0425397904322,0.0,489.32975096710777,487.9477001805941,489.4640592998921,488.4665615310177
0.3,0.000362415928701,-0.000883415344704,10.1233859498,6.27325112847,6.27785217471,0.0,0.00535795981705,-0.0116547758726,0.790886232925,-0.059831516911,-0.0214707130822,0.0,436.0895476801264,437.84506357790195,436.9917910678887,436.54694667619856
0.36000000000000004,0.000792576904462,-0.00178935182371,10.1726746834,6.26930716507,6.27625730259,0.0,0.00911663977886,-0.0189014711198,0.852022724491,-0.081407006305,-0.0395130133705,0.0,426.13166715618866,424.586520003621,425.6862367528187,423.83257161810576
0.4200000000000001,0.00148806722194,-0.00322196332792,10.2263268827,6.26433009418,6.27414057228,0.0,0.0142884455611,-0.0293425489006,0.936308737963,-0.0862313982438,-0.0279302482969,0.0,432.25470110014163,433.2289646843489,432.8060637276801,432.3940580540813
0.48000000000000015,0.0025487232012,-0.00541243184619,10.2865895445,6.25981830447,6.27256386213,0.0,0.0212400181117,-0.04418398253,1.07231606028,-0.0592183081802,-0.0231647143558,0.0,448.47210728138447,448.85882875491967,448.51305357974053,450.69665245947357
0.5400000000000001,0.00400889394141,-0.00847386025305,10.3503521898,6.25639164436,6.27132342482,0.0,0.0275431350356,-0.0581582604573,1.05311457612,-0.0531999330579,-0.0161078958477,0.0,398.18042312071947,398.82536122709735,398.3285023805186,398.8757715666097
0.6000000000000002,0.00587126785593,-0.0124408854037,10.4133252739,6.2526675864,6.26982557509,0.0,0.0346308941706,-0.0743627433391,1.04598505202,-0.0929702654282,-0.0558027028201,0.0,404.7397016314199,401.1511466922281,404.28599693516225,400.68305921263584
0.6600000000000003,0.00832182693887,-0.0177436411074,10.4850959668,6.24759164714,6.26671310311,0.0,0.0474741692643,-0.103082258826,1.34603723793,-0.0716528302683,-0.044994332224,0.0,496.79460587189095,497.58492988816243,497.2198607786683,498.7737309927936
0.7200000000000003,0.011500489123,-0.0246359984538,10.5676435598,6.24378334255,6.26401789699,0.0,0.058739035087,-0.127046169478,1.40545726853,-0.0507555075767,-0.0447720988057,0.0,425.6190847391529,425.6368423085868,425.15977965990544,426.94299144548097
0.7800000000000004,0.015472474355,-0.0331685125994,10.6570559233,6.24047926197,6.26098233699,0.0,0.0739731985138,-0.157716773987,1.5747135917,-0.0655009727896,-0.0659749490286,0.0,461.1578946230687,459.47852192071855,461.3134331929499,460.1457264880702
0.8400000000000004,0.0203832299431,-0.0435266139824,10.7544660286,6.2362748432,6.25725916511,0.0,0.0901049562609,-0.187958627832,1.6721215652,-0.0812910318553,-0.055182653563,0.0,437.9476851169857,438.8414826075401,439.8915438906028,438.57822230843357
0.9000000000000005,0.0263141586616,-0.0557496755631,10.8568839682,6.23130692376,6.25407304491,0.0,0.107906378583,-0.219951809114,1.74166989639,-0.0859963761162,-0.0492368323389,0.0,429.8085068304773,430.31012571150654,430.6687291033794,430.26474875074763
0.9600000000000005,0.0335511330974,-0.0703050564433,10.9694011748,6.22631547951,6.25116378785,0.0,0.133684624581,-0.265847199077,2.00842085762,-0.0781021718874,-0.0470302531791,0.0,490.9835229090714,491.1459913686677,489.19505801353944,489.7775125536151
1.0200000000000005,0.0421031207979,-0.0871982473867,11.0885333131,6.22142076912,6.24806242649,0.0,0.151620544564,-0.29764898611,1.96269418066,-0.0896344978995,-0.0631757586081,0.0,393.8781458126517,392.3799819489156,392.6525042376623,391.5747697310338
1.0800000000000005,0.0520508553829,-0.106547463237,11.2123299044,6.21599831201,6.24386850064,0.0,0.180418051402,-0.347933641665,2.16343242971,-0.0918953875657,-0.0888125325211,0.0,473.2331837694418,471.25211376807147,472.025782304326,471.8449624293773
1.1400000000000006,0.0637655206883,-0.128929323379,11.3464942148,6.21031951121,6.2384032007,0.0,0.210645588254,-0.398716018994,2.30834972808,-0.100806537533,-0.0960761126192,0.0,456.38100346066494,455.79413976445437,456.67665860050164,455.9579367674364
1.2000000000000006,0.0773444910195,-0.154369843908,11.4877836217,6.20446089903,6.23227698734,0.0,0.242574116946,-0.449886784997,2.40101756441,-0.0919724721019,-0.118239710411,0.0,441.4004737385499,439.55818306748216,440.56551644537404,441.2870130457421
1.2600000000000007,0.0931996329059,-0.183348970042,11.6390018559,6.19898801323,6.22491206562,0.0,0.286786617321,-0.516712853281,2.63894520055,-0.0897418719648,-0.133764885805,0.0,484.93217689498334,483.75213635739016,485.99237582019475,486.1533236322662
1.3200000000000007,0.111632619361,-0.216100859343,11.8001206223,6.19373588703,6.21755371129,0.0,0.328403401237,-0.57553246765,2.73134490042,-0.0834548449585,-0.10656962327,0.0,442.01625564050175,444.2375535278736,441.8460521904481,442.3576453369359
1.3800000000000008,0.132791413139,-0.252602473681,11.9680267553,6.18838810306,6.2120680192,0.0,0.37749129096,-0.641707026269,2.86507550411,-0.103980709149,-0.0714444450864,0.0,454.77887179288945,457.57618582134484,457.0932584494604,455.44794061253816
1.4400000000000008,0.156940326461,-0.293106420801,12.1430110426,6.18229813949,6.20789174973,0.0,0.427883658846,-0.709029002159,2.96734430179,-0.0969522333746,-0.0661592244911,0.0,447.10665168714974,447.5333861972208,447.2145574160223,447.77781419840244
1.5000000000000009,0.184172641902,-0.337740552384,12.3237827723,6.1770900571,6.20419449499,0.0,0.480222493028,-0.77930029142,3.05801414405,-0.0717882391913,-0.0538174116022,0.0,444.9449139750408,445.95141476406457,442.6882989529674,444.74756081308925
1.560000000000001,0.214693242456,-0.386793977513,12.5109168198,6.17269917593,6.20092146326,0.0,0.537440816588,-0.856236633883,3.17933270458,-0.0761225160241,-0.0560580132812,0.0,455.01150929702226,454.830182309399,455.13177087298396,454.78070259910584
1.620000000000001,0.24837516434,-0.440102623877,12.7012270166,6.16800519969,6.19764256704,0.0,0.58556971561,-0.921119322241,3.16427272142,-0.0828254640433,-0.0519691947239,0.0,410.72374691074333,411.083969525772,412.6000915309521,412.00243435369146
1.680000000000001,0.285200207139,-0.497657226113,12.8929300478,6.16317435464,6.19502674207,0.0,0.642181242708,-0.997821679928,3.22552397907,-0.0762539462041,-0.0306461708366,0.0,435.5582523548866,437.33673851564026,437.5225637361163,438.06401438360655
1.740000000000001,0.325480507268,-0.55992574499,13.088430992,6.15855919759,6.19311037354,0.0,0.700650218519,-1.07822292844,3.29085824374,-0.0782834817146,-0.0346598127187,0.0,439.88587346742145,439.5529806993645,438.5435667844142,438.3701706631424
1.8000000000000012,0.368944411853,-0.62661243021,13.2838780035,6.1535307331,6.19073488096,0.0,0.748324405444,-1.145072247,3.22412314041,-0.0981296236286,-0.051940300029,0.0,395.77113209467535,394.1762240471686,396.117242637141,394.2809047585259
1.8600000000000012,0.415785737727,-0.698062751796,13.4803859359,6.14777093977,6.18757518482,0.0,0.813334213954,-1.23716441676,3.32566143823,-0.0920423120414,-0.0541441287534,0.0,451.63051585282767,451.45096008876334,450.56731428003866,451.0514689672459
1.9200000000000013,0.466806030291,-0.775460744075,13.6851614227,6.14254050998,6.18477283872,0.0,0.887614677194,-1.34330433796,3.49945306828,-0.0788854047377,-0.0349146837122,0.0,474.10499571628975,475.57895138318713,473.22068170381687,474.2265449124542
1.9800000000000013,0.521965607043,-0.858811323619,13.8965856538,6.13844088766,6.18266024417,0.0,0.951204644431,-1.43544704461,3.54770819856,-0.0528627364335,-0.0358068613739,0.0,436.7651388001293,436.69015962141145,435.68399780807675,437.85053396121845
2.0400000000000014,0.581433239005,-0.948417340585,14.1153240268,6.13541414489,6.18037164456,0.0,1.03122228666,-1.55169519207,3.74275137429,-0.0460051612975,-0.0432805106731,0.0,482.4896754414594,481.924486742614,482.92511883079675,483.4407297123113
2.1000000000000014,0.645366141988,-1.04451755286,14.3420303748,6.13243493564,6.17782014124,0.0,1.10008117723,-1.65190119524,3.81371969244,-0.0581831351544,-0.041055812729,0.0,445.5472205064879,445.72809967906375,447.7964358470506,446.803051837075
2.1600000000000015,0.713062272285,-1.14610589902,14.5691041,6.12915081654,6.17506579995,0.0,1.15666111366,-1.73469053042,3.75545579606,-0.0486065201847,-0.0579920139217,0.0,404.671371560489,403.1422336128013,404.0632162408237,404.92337070186665
2.2200000000000015,0.784968327787,-1.25380159571,14.7996424095,6.12805632705,6.17162657993,0.0,1.24050852325,-1.85527855787,3.92835668375,0.0119366657402,-0.0560102478952,0.0,477.9638635414249,478.11287613972337,476.88038669521933,481.48266582741934
2.2800000000000016,0.862094909353,-1.36890806734,15.0415435279,6.12817288071,6.16867164681,0.0,1.33063489956,-1.98142635485,4.1341065119,-0.0466067040829,-0.0383339951866,0.0,489.12666183186184,490.4400468445771,492.0057194124956,487.65171464377687
2.3400000000000016,0.944427799012,-1.49125010403,15.2935096719,6.12510844843,6.16622020551,0.0,1.41395815569,-2.09689076359,4.26405026149,-0.0619718848229,-0.0464517718297,0.0,468.66125485813575,468.02901598817976,470.6225705927207,469.43008320492544
2.4000000000000017,1.03160164915,-1.62031632657,15.5514970483,6.12118090502,6.16361928689,0.0,1.49203367652,-2.20566121741,4.33501258462,-0.0735459212046,-0.0377719190687,0.0,452.0524143711437,452.75035586516844,452.9677816910163,452.0328156027449
2.4600000000000017,1.12345777933,-1.7559317583,15.8133234261,6.11648786603,6.16130317328,0.0,1.56999185498,-2.31526596093,4.39204952,-0.0897385275276,-0.0403153262306,0.0,449.6986162361281,449.4918079591012,449.37242764249874,448.05279785890417
2.520000000000002,1.22085032319,-1.89933705379,16.0851112084,6.11114020383,6.15944519184,0.0,1.6765057459,-2.46540834264,4.66603494645,-0.0879340224312,-0.0168570698602,0.0,513.8475067311936,515.5076642734604,514.4036136660181,514.5259554297143
2.580000000000002,1.32421118535,-2.05126203261,16.3696804617,6.10706684862,6.15946680083,0.0,1.76876015618,-2.59915560731,4.81864615118,-0.0439428319988,0.0221293550017,0.0,480.4534167990052,483.4006313303397,481.62583140050566,484.9381980563655
2.640000000000002,1.43264783496,-2.2106766608,16.6598658271,6.10412834709,6.16101557089,0.0,1.84558494227,-2.71493257849,4.85385037292,-0.0616473757677,0.0323144255298,0.0,447.30386645900614,448.1327882771125,449.6590262383091,448.2206997040211
2.700000000000002,1.54572113858,-2.37720734354,16.9526889921,6.10054642451,6.16343914779,0.0,1.9232220795,-2.83643286735,4.9064696601,-0.0560628933255,0.0529856593774,0.0,453.31030568161566,454.96939096862815,454.88846756836483,455.3330897569797
2.760000000000002,1.66313492095,-2.55071783762,17.2465401342,6.09714592092,6.16643783011,0.0,1.99025364106,-2.94760273022,4.88847313809,-0.0579278633142,0.0431606744955,0.0,433.80205030997524,432.9777217647361,432.14780537420165,431.9882484805485
2.820000000000002,1.78427145834,-2.7305917968,17.5372863885,6.09402279845,6.16853659848,0.0,2.04743333517,-3.0485715291,4.80328824135,-0.0423314318907,0.00875948735675,0.0,412.15981588091944,409.1080634016024,408.79572857591506,410.1813274451275
2.880000000000002,1.90930543701,-2.91740628569,17.8271926713,6.09218021453,6.1692778079,0.0,2.12021465637,-3.17878867434,4.8597763823,-0.0141080487642,0.0187154149981,0.0,456.76396022196064,457.557263785543,454.8401388574666,457.0947977552088
2.940000000000002,2.03821694554,-3.11131017898,18.1164891519,6.09219723126,6.16985375795,0.0,2.17674412405,-3.28484859868,4.78365876781,0.0195994544868,-0.0234497271911,0.0,415.9134479750694,412.20321651516497,411.98442085034975,414.9546807778295
3.000000000000002,2.17116411353,-3.31267975095,18.4068359589,6.09351715531,6.16835634343,0.0,2.25486805924,-3.42732384702,4.89387938039,0.0264102930386,-0.028155409908,0.0,473.81253471565265,473.4505069906198,473.38047571614595,473.90434678439055
3.0600000000000023,2.30858744212,-3.52220612626,18.7017789507,6.09491006932,6.16678650432,0.0,2.3259876591,-3.55680168821,4.93718726807,0.0159064511651,-0.0224526718868,0.0,453.87069174806663,454.32810601607764,454.9992562956229,454.15743610550413
3.1200000000000023,2.45017504319,-3.73930294397,18.9982729648,6.09560884834,6.16565814371,0.0,2.39364912802,-3.67977340333,4.94573822728,0.00136364570558,-0.0123617531601,0.0,443.05168160773576,443.88075677545555,445.1578377524111,443.9658866737822
3.1800000000000024,2.59560555344,-3.96343509752,19.2933848695,6.09564505364,6.16500679654,0.0,2.45406357404,-3.79144510868,4.89141986551,-0.000962240923934,-0.00800224650972,0.0,423.6606769886897,424.03554173267,423.57672162081076,423.37659768911254
3.2400000000000024,2.74497147937,-4.19477902365,19.5877896781,6.0957661363,6.16458542749,0.0,2.52476137998,-3.92009272256,4.92174046559,0.00739677282154,-0.00513252532886,0.0,450.14231370498953,450.37463363393783,451.9374675158398,452.61080405066434
3.3000000000000025,2.8986751328,-4.43402049207,19.8848249212,6.09650385441,6.16523839568,0.0,2.5985642012,-4.0546301315,4.9789913769,0.0206324306424,0.0316434416975,0.0,458.6213577411019,461.5336131582689,460.2665501738671,461.31294292904334
3.3600000000000025,3.05702408272,-4.68173653047,20.187353898,6.09732292667,6.16707760577,0.0,2.67938158389,-4.20247139808,5.10455454236,-0.00640142850028,0.0285966123869,0.0,483.52030243149545,483.29089962364117,481.8352434833687,479.78669240513443
3.4200000000000026,3.21987584462,-4.93787534503,20.4949254185,6.09698703833,6.16867957382,0.0,2.74875003719,-4.33560953735,5.14744116413,-0.00403803311024,0.0226067516172,0.0,458.6170863455982,458.1411169914164,458.4244586456799,458.61235244587147
3.4800000000000026,3.38645728142,-5.20140934058,20.8017191876,6.09736067987,6.1695907628,0.0,2.80383925948,-4.44905681862,5.07922683438,0.0213764263023,-0.00691775523518,0.0,424.0472182162459,421.5027202128857,422.244168898994,424.43146858823775
3.5400000000000027,3.55615287599,-5.47149878487,21.1029435517,6.09843477086,6.16902769196,0.0,2.85272241376,-4.55411228214,4.96205289541,0.00984388336885,-0.0148412316175,0.0,405.9746780629606,405.26303930485125,406.07898320609826,405.0428637377573
3.6000000000000028,3.72926525991,-5.74868952856,21.4012823879,6.09914564924,6.16849950337,0.0,2.91767484757,-4.68565510648,4.98229322874,0.0155817569485,0.00114380284079,0.0,449.83143724526127,451.1243922329493,450.6825143736804,451.1460139822109
3.660000000000003,3.90604231541,-6.033432924,21.6988762543,6.10026623661,6.16823518726,0.0,2.97485711,-4.80592195715,4.93758836078,0.0242406372384,-0.0188278786112,0.0,430.6994364223426,429.00667497571254,429.95923112792366,430.69232131590496
3.720000000000003,4.08654636476,-6.32588153092,21.9963217329,6.10135157356,6.16677000289,0.0,3.04197477368,-4.94238097102,4.97688718804,0.00146277695272,-0.0389889384818,0.0,459.8374275357891,458.23711154934745,456.0959223271249,454.2726749921873
3.780000000000003,4.27123829138,-6.62675476183,22.2972718654,6.10149793305,6.16444647983,0.0,3.11454275198,-5.08680308614,5.05412537258,0.00432432922771,-0.0382035458495,0.0,470.13714541484705,470.19735936441765,469.1870544879073,469.4091603395697
3.840000000000003,4.46016231435,-6.93608869793,22.6015266478,6.10162383984,6.16180141453,0.0,3.18306398386,-5.22444966081,5.08727132038,-0.00277351990383,-0.0596884343697,0.0,458.73564994896685,457.02489313715733,457.25139381103213,456.6854391146132
3.900000000000003,4.65337974379,-7.25392227777,22.9088449484,6.10174071128,6.158270946,0.0,3.25775728935,-5.37010659385,5.15599625636,0.0100260309917,-0.0571989136698,0.0,469.18337727576454,469.3744422205003,469.0323431556905,470.0255298657085
3.960000000000003,4.85085252748,-7.58012176284,23.2180202684,6.10192041021,6.15451070336,0.0,3.32491951246,-5.50336520113,5.14960348814,-0.0172829291214,-0.07681456445,0.0,448.0418682070538,446.4408881228178,448.2876184231809,446.06251647516075
4.020000000000002,5.05223123583,-7.91410567224,23.5253864336,6.10099599329,6.15032563292,0.0,3.3880262057,-5.62973670232,5.09587359926,-0.0118968950315,-0.0584434564565,0.0,431.98605818775735,433.5288032475575,431.71280246804815,432.1672244447242
4.080000000000001,5.25751390104,-8.25581263412,23.8299490314,6.10018616208,6.1464570298,0.0,3.45498358704,-5.76078542954,5.056087862,-0.016906841895,-0.0806426369703,0.0,438.5245718992515,436.67288929808115,436.7688551331156,436.3508322376143
4.14,5.46690753946,-8.60548806924,24.1323406141,6.09947099165,6.14208664,0.0,3.5251353936,-5.89535662118,5.0234275236,-0.0034533038607,-0.0605920076674,0.0,439.43469833221206,441.0897062647657,438.6753794517812,439.7914888194725
4.199999999999998,5.68148172755,-8.9644619271,24.4390148603,6.09927652672,6.1382531451,0.0,3.62753479121,-6.07048661262,5.19768094329,-0.00281995013541,-0.0714741737711,0.0,504.68323080703186,503.8945312874071,502.5438218614531,502.5898027536482
4.259999999999997,5.90186937763,-9.33348707509,24.7533595477,6.09928247918,6.13458412322,0.0,3.71895521913,-6.23049112581,5.27961378776,0.00537795577862,-0.0459427251836,0.0,478.31203164518206,480.25032161473473,478.40039466900765,479.02433975224835
4.319999999999996,6.12684964824,-9.71100947006,25.0663729893,6.09944117802,6.13221683567,0.0,3.78057743336,-6.35395809271,5.15459080219,-0.00347441251143,-0.0289018919251,0.0,412.5794270453376,414.0806795664509,414.6187427448478,413.840008691347
4.379999999999995,6.35569323076,-10.0961771267,25.3728278787,6.09912700962,6.13061922213,0.0,3.84764038863,-6.48534033331,5.06079810821,-0.0090156359963,-0.0224269037168,0.0,423.60584710165676,424.1622333091006,423.57376266237355,423.0969153839742
4.439999999999993,6.58863366932,-10.4893723932,25.6740552669,6.09861162945,6.12942828848,0.0,3.91709380725,-6.62156048142,4.98025176743,-0.00775104998454,-0.0151362392621,0.0,428.28916747867237,428.9089775615594,426.57815679542404,426.6862757510607
4.499999999999992,6.82618875065,-10.8913411364,25.973262469,6.098084251,6.12806336865,0.0,4.00137147167,-6.77770669239,4.9929110789,-0.0109522591467,-0.0458131346099,0.0,458.7768923756814,456.3339100250652,458.1014830560948,457.846925426924
4.559999999999991,7.06917411267,-11.3031749044,26.2754499632,6.09753488257,6.12513622987,0.0,4.09823238303,-6.95032815279,5.0790804482,-0.00578623948864,-0.0555124660531,0.0,481.67768562390916,480.9421602513201,481.16719998306553,481.5583490546673
4.6199999999999894,7.31787571403,-11.7252782723,26.5818985968,6.09756976862,6.12220667812,0.0,4.19195173951,-7.12003236438,5.13512433176,0.0109761365231,-0.0380095881821,0.0,473.35653400435007,474.7004651231633,473.4807966576666,474.76894728775096
4.679999999999988,7.57223070004,-12.1576237145,26.8916333834,6.09779386205,6.12019302699,0.0,4.2865758064,-7.29170548388,5.18868578836,-0.0175115975719,-0.0258892173417,0.0,474.030504046109,474.96080286256114,476.12944525001814,473.9444087757306
4.739999999999987,7.83114411278,-12.5990720026,27.1977638181,6.09628293883,6.11831344713,0.0,4.34401537748,-7.42382501294,5.01628796259,-0.048545558336,-0.0453559014558,0.0,403.06931536172505,401.30507513827735,402.4165940643188,399.59623537918884
4.799999999999986,8.09484898302,-13.0500360417,27.5013825646,6.09309770194,6.11534790055,0.0,4.44619936283,-7.60878900815,5.10318282497,-0.0642121116947,-0.0591474049429,0.0,486.48779953633715,485.45244771932363,485.1244169093998,483.9446832013807
4.859999999999984,8.36362837164,-13.5110049534,27.8037848365,6.08906692524,6.11201800106,0.0,4.51333678957,-7.75753137674,4.97698959968,-0.0738921832153,-0.0490521796022,0.0,418.89083379049686,419.76575026749936,419.8727109870283,419.0280881443666
4.919999999999983,8.63676921815,-13.9813672753,28.1002819355,6.08425976558,6.10890790897,0.0,4.59150624962,-7.92192109411,4.90593883403,-0.0970221149077,-0.0580767002758,0.0,439.6839215742653,438.93362061663447,437.5317209555918,435.5956534884743
4.979999999999982,8.91470702679,-14.461826099,28.3928573987,6.07799668355,6.10526816364,0.0,4.67326137422,-8.09416252547,4.84605984042,-0.12617620589,-0.0664100836244,0.0,442.67590045150115,441.98678138374987,443.78898004595237,441.3786768217835
5.0399999999999805,9.19747930907,-14.9526639864,28.6811397992,6.07071703923,6.1012850753,0.0,4.75268993633,-8.26798429576,4.7628428767,-0.113069940663,-0.0663343226749,0.0,436.6579021219381,436.6608628510022,434.8178858531244,435.90104786750044
